2025-02-21 14:06:13,339 - INFO - 3R7BUV52GH1MOHNO
2025-02-21 14:06:15,281 - INFO -       T      volume       vw      o        c        h       l              t      n
0  TCBP    138853.0   2.5388   2.50   2.5000   2.6000   2.450  1740171600000    751
1     F  33277158.0   9.3527   9.38   9.2900   9.4100   9.280  1740171600000  67762
2  GEHC   1018464.0  91.1715  91.54  90.5000  91.7400  90.430  1740171600000  19273
3  MRNY   3724196.0   3.7070   3.65   3.6867   3.8450   3.575  1740171600000   7530
4  MAGN    124132.0  21.4701  21.84  21.1900  21.9999  21.180  1740171600000   3672
2025-02-21 14:38:33,844 - INFO - Websocket connected
2025-02-21 14:38:34,001 - INFO -  * Restarting with stat
2025-02-21 14:38:37,425 - INFO - 3R7BUV52GH1MOHNO
2025-02-21 14:38:37,996 - INFO -       T      volume       vw      o        c        h       l              t      n
0  TCBP    142718.0   2.5380   2.50   2.5202   2.6000   2.450  1740171600000    779
1     F  36366180.0   9.3459   9.38   9.2600   9.4100   9.260  1740171600000  75702
2  GEHC   1157321.0  91.1130  91.54  90.8250  91.7400  90.430  1740171600000  21918
3  MRNY   3901538.0   3.7077   3.65   3.7650   3.8450   3.575  1740171600000   7947
4  MAGN    152101.0  21.4180  21.84  21.2050  21.9999  21.095  1740171600000   4188
2025-02-21 14:57:55,484 - WARNING -  * Debugger is active!
2025-02-21 14:57:55,490 - INFO -  * Debugger PIN: 119-677-207
2025-02-21 14:57:55,597 - INFO - Websocket connected
2025-02-21 15:03:07,600 - INFO - 127.0.0.1 - - [2025-02-21 15:03:07] "GET /socket.io/?EIO=4&transport=polling&t=77iqbbhg HTTP/1.1" 200 328 0.002013
2025-02-21 15:03:07,601 - INFO - 127.0.0.1 - - [2025-02-21 15:03:07] "GET /socket.io/?EIO=4&transport=polling&t=77iqcyqk HTTP/1.1" 200 328 0.000000
2025-02-21 15:03:07,605 - INFO - 127.0.0.1 - - [2025-02-21 15:03:07] "POST /socket.io/?EIO=4&transport=polling&t=77iz71jv&sid=BcAmkd6OWNuKjC0bAAAA HTTP/1.1" 200 195 0.000968
2025-02-21 15:03:07,607 - INFO - 127.0.0.1 - - [2025-02-21 15:03:07] "GET /socket.io/?EIO=4&transport=polling&t=77iz7jz0&sid=BcAmkd6OWNuKjC0bAAAA HTTP/1.1" 200 241 0.000000
2025-02-21 15:03:07,608 - INFO - 127.0.0.1 - - [2025-02-21 15:03:07] "POST /socket.io/?EIO=4&transport=polling&t=77iz808r&sid=NbZ4pi7YRrveNnRGAAAB HTTP/1.1" 200 195 0.000000
2025-02-21 15:03:07,609 - INFO - 127.0.0.1 - - [2025-02-21 15:03:07] "GET /socket.io/?EIO=4&transport=polling&t=77iz9nxx&sid=NbZ4pi7YRrveNnRGAAAB HTTP/1.1" 200 241 0.001010
2025-02-21 15:03:07,919 - INFO - 127.0.0.1 - - [2025-02-21 15:03:07] "GET /socket.io/?EIO=4&transport=polling&t=77izcgaj&sid=BcAmkd6OWNuKjC0bAAAA HTTP/1.1" 200 209 0.310492
2025-02-21 15:03:07,934 - INFO - 127.0.0.1 - - [2025-02-21 15:03:07] "GET /socket.io/?EIO=4&transport=polling&t=77izeegv&sid=NbZ4pi7YRrveNnRGAAAB HTTP/1.1" 200 209 0.323787
2025-02-21 15:03:21,796 - INFO - 127.0.0.1 - - [2025-02-21 15:03:21] "GET /api/scan-stocks?min_price=1&max_price=2&min_rsi=30&max_rsi=70&volume_surge=1.2 HTTP/1.1" 500 353 0.011085
2025-02-21 15:27:16,656 - INFO - 3R7BUV52GH1MOHNO
2025-02-21 15:27:18,833 - INFO -       T      volume       vw      o        c        h       l              t      n
0  TCBP    149340.0   2.5361   2.50   2.5200   2.6000   2.450  1740171600000    811
1  GEHC   1368945.0  91.1025  91.54  91.0900  91.7400  90.430  1740171600000  26653
2     F  42117403.0   9.3325   9.38   9.2400   9.4100   9.230  1740171600000  89133
3  MRNY   4151776.0   3.7105   3.65   3.7298   3.8450   3.575  1740171600000   8680
4  MAGN    191789.0  21.3668  21.84  21.2900  21.9999  21.080  1740171600000   5035
2025-02-21 15:30:10,060 - INFO - 3R7BUV52GH1MOHNO
2025-02-21 15:30:11,275 - INFO -       T      volume       vw      o        c        h       l              t      n
0  TCBP    153849.0   2.5351   2.50   2.5075   2.6000   2.450  1740171600000    818
1  GEHC   1384311.0  91.1025  91.54  91.1200  91.7400  90.430  1740171600000  27039
2     F  42755587.0   9.3313   9.38   9.2550   9.4100   9.230  1740171600000  89986
3  MRNY   4184989.0   3.7106   3.65   3.7312   3.8450   3.575  1740171600000   8711
4  MAGN    197827.0  21.3650  21.84  21.3200  21.9999  21.080  1740171600000   5129
2025-02-21 15:53:59,164 - WARNING -  * Debugger is active!
2025-02-21 15:53:59,167 - INFO -  * Debugger PIN: 119-677-207
2025-02-21 15:53:59,264 - INFO - Websocket connected
2025-02-21 16:40:06,787 - INFO -  * Detected change in 'C:\\Users\\gabby\\trax-x\\backend\\app.py', reloading
2025-02-21 16:40:12,681 - INFO - 3R7BUV52GH1MOHNO
2025-02-21 16:40:13,206 - INFO -       T      volume       vw      o      c        h       l              t         n
0  TCBP    167948.0   2.5337   2.50   2.50   2.6000   2.450  1740171600000     894.0
1  GEHC   2436491.0  91.0982  91.54  91.09  91.7400  90.430  1740171600000   38611.0
2     F  56819676.0   9.3187   9.38   9.28   9.4100   9.230  1740171600000  108160.0
3  MRNY   4422162.0   3.7134   3.65   3.79   3.8450   3.575  1740171600000    9430.0
4  MAGN    375033.0  21.3945  21.84  21.44  21.9999  21.080  1740171600000    7123.0
2025-02-21 17:19:00,499 - INFO - 3R7BUV52GH1MOHNO
2025-02-21 17:19:01,019 - INFO -       T      volume       vw      o      c        h       l              t         n
0  TCBP    169154.0   2.5333   2.50   2.50   2.6000   2.450  1740171600000     905.0
1  GEHC   2818028.0  91.0971  91.54  91.09  91.7400  90.430  1740171600000   38618.0
2     F  56867156.0   9.3187   9.38   9.28   9.4100   9.230  1740171600000  108536.0
3  MRNY   4427332.0   3.7136   3.65   3.79   3.8450   3.575  1740171600000    9500.0
4  MAGN    375033.0  21.3945  21.84  21.44  21.9999  21.080  1740171600000    7123.0
2025-02-21 17:25:01,637 - INFO - 3R7BUV52GH1MOHNO
2025-02-21 17:25:04,369 - INFO -       T      volume       vw      o      c        h       l              t         n
0  TCBP    170489.0   2.5334   2.50   2.50   2.6000   2.450  1740171600000     909.0
1     F  56868912.0   9.3187   9.38   9.28   9.4100   9.230  1740171600000  108579.0
2  GEHC   2818028.0  91.0971  91.54  91.09  91.7400  90.430  1740171600000   38618.0
3  MRNY   4427653.0   3.7136   3.65   3.79   3.8450   3.575  1740171600000    9512.0
4  MAGN    375033.0  21.3945  21.84  21.44  21.9999  21.080  1740171600000    7123.0
2025-02-21 17:35:15,196 - INFO - 3R7BUV52GH1MOHNO
2025-02-21 17:35:36,245 - INFO -        T     volume       vw      o        c        h        l              t        n
0    DSS     6039.0   0.9248   0.90   0.9301   0.9594   0.9000  1739998800000     56.0
1   VIRT  1784106.0  38.4754  38.16  38.2700  39.3900  37.9400  1739998800000  23277.0
2  AGNCL    20567.0  25.1373  25.16  25.1500  25.1900  25.1199  1739998800000    102.0
3    ECF    19406.0  10.0329  10.12  10.0200  10.1200   9.9900  1739998800000    107.0
4   FLMX    29982.0  25.7042  25.97  25.6000  25.9700  25.5900  1739998800000    293.0
2025-02-21 17:35:44,293 - INFO -  * Restarting with stat
2025-02-21 17:35:44,391 - INFO - Websocket connected
2025-02-21 17:35:47,408 - INFO - 3R7BUV52GH1MOHNO
2025-02-21 17:35:49,599 - INFO -       T      volume       vw      o      c        h       l              t         n
0  TCBP    170489.0   2.5334   2.50   2.50   2.6000   2.450  1740171600000     909.0
1     F  56894981.0   9.3187   9.38   9.28   9.4100   9.230  1740171600000  108651.0
2  GEHC   2818030.0  91.0971  91.54  91.09  91.7400  90.430  1740171600000   38619.0
3  MRNY   4430260.0   3.7136   3.65   3.79   3.8450   3.575  1740171600000    9521.0
4  MAGN    375033.0  21.3945  21.84  21.44  21.9999  21.080  1740171600000    7123.0
2025-02-21 17:35:59,683 - WARNING -  * Debugger is active!
2025-02-21 17:35:59,687 - INFO -  * Debugger PIN: 119-677-207
2025-02-21 17:35:59,803 - INFO - Websocket connected
2025-02-21 17:36:00,883 - INFO - 127.0.0.1 - - [2025-02-21 17:36:00] "GET /socket.io/?EIO=4&transport=polling&t=co4vybs3 HTTP/1.1" 200 328 0.002017
2025-02-21 17:36:00,884 - INFO - 127.0.0.1 - - [2025-02-21 17:36:00] "GET /socket.io/?EIO=4&transport=polling&t=co4vs2od HTTP/1.1" 200 328 0.001195
2025-02-21 17:36:00,887 - INFO - 127.0.0.1 - - [2025-02-21 17:36:00] "POST /socket.io/?EIO=4&transport=polling&t=co54kxkh&sid=3oWvCVJmRZlYOPgqAAAA HTTP/1.1" 200 195 0.000998
2025-02-21 17:36:00,889 - INFO - 127.0.0.1 - - [2025-02-21 17:36:00] "GET /socket.io/?EIO=4&transport=polling&t=co54n9t2&sid=3oWvCVJmRZlYOPgqAAAA HTTP/1.1" 200 241 0.001000
2025-02-21 17:36:00,892 - INFO - 127.0.0.1 - - [2025-02-21 17:36:00] "POST /socket.io/?EIO=4&transport=polling&t=co54prfm&sid=-yl4G8jDR8P-i77pAAAB HTTP/1.1" 200 195 0.001000
2025-02-21 17:36:00,894 - INFO - 127.0.0.1 - - [2025-02-21 17:36:00] "GET /socket.io/?EIO=4&transport=polling&t=co54sqy1&sid=-yl4G8jDR8P-i77pAAAB HTTP/1.1" 200 241 0.000000
2025-02-21 17:36:01,216 - INFO - 127.0.0.1 - - [2025-02-21 17:36:01] "GET /socket.io/?EIO=4&transport=polling&t=co553slm&sid=3oWvCVJmRZlYOPgqAAAA HTTP/1.1" 200 209 0.312190
2025-02-21 17:36:01,246 - INFO - 127.0.0.1 - - [2025-02-21 17:36:01] "GET /socket.io/?EIO=4&transport=polling&t=co556409&sid=-yl4G8jDR8P-i77pAAAB HTTP/1.1" 200 209 0.337736
2025-02-21 17:36:39,088 - INFO - 127.0.0.1 - - [2025-02-21 17:36:39] "GET /api/scan-stocks?min_price=1&max_price=2&min_rsi=30&max_rsi=70&volume_surge=1.2 HTTP/1.1" 500 353 0.002024
2025-02-22 03:31:05,686 - INFO - 127.0.0.1 - - [2025-02-22 03:31:05] "GET /socket.io/?EIO=4&transport=polling&t=xxepz09c HTTP/1.1" 200 328 0.005007
2025-02-22 03:31:05,703 - INFO - 127.0.0.1 - - [2025-02-22 03:31:05] "POST /socket.io/?EIO=4&transport=polling&t=xxf4oalt&sid=gr7H49mc2yMs5XCrAAAE HTTP/1.1" 200 195 0.007128
2025-02-22 03:31:05,704 - INFO - 127.0.0.1 - - [2025-02-22 03:31:05] "GET /socket.io/?EIO=4&transport=polling&t=xxeq0ibs HTTP/1.1" 200 328 0.000000
2025-02-22 03:31:05,705 - INFO - 127.0.0.1 - - [2025-02-22 03:31:05] "GET /socket.io/?EIO=4&transport=polling&t=xxf4xyej&sid=gr7H49mc2yMs5XCrAAAE HTTP/1.1" 200 241 0.000000
2025-02-22 03:31:05,713 - INFO - 127.0.0.1 - - [2025-02-22 03:31:05] "POST /socket.io/?EIO=4&transport=polling&t=xxf5ax2r&sid=Pgw0mjKk5i9Dyj6kAAAG HTTP/1.1" 200 195 0.001000
2025-02-22 03:31:05,714 - INFO - 127.0.0.1 - - [2025-02-22 03:31:05] "GET /socket.io/?EIO=4&transport=polling&t=xxf5b72b&sid=Pgw0mjKk5i9Dyj6kAAAG HTTP/1.1" 200 241 0.000000
2025-02-22 03:31:06,009 - INFO - 127.0.0.1 - - [2025-02-22 03:31:06] "GET /socket.io/?EIO=4&transport=polling&t=xxf5k09q&sid=gr7H49mc2yMs5XCrAAAE HTTP/1.1" 200 209 0.288167
2025-02-22 03:31:06,029 - INFO - 127.0.0.1 - - [2025-02-22 03:31:06] "GET /socket.io/?EIO=4&transport=polling&t=xxf5oyb5&sid=Pgw0mjKk5i9Dyj6kAAAG HTTP/1.1" 200 209 0.303296
2025-02-22 03:57:02,017 - INFO - 3R7BUV52GH1MOHNO
2025-02-22 03:57:03,762 - INFO -       T      volume       vw      o      c        h       l              t         n
0  TCBP    170842.0   2.5333   2.50   2.50   2.6000   2.450  1740171600000     925.0
1     F  57069537.0   9.3186   9.38   9.28   9.4100   9.230  1740171600000  109424.0
2  GEHC   2819407.0  91.0970  91.54  91.09  91.7400  90.430  1740171600000   38631.0
3  MRNY   4449451.0   3.7141   3.65   3.79   3.8450   3.575  1740171600000    9684.0
4  MAGN    375033.0  21.3945  21.84  21.44  21.9999  21.080  1740171600000    7123.0
2025-02-22 03:57:13,246 - INFO - Websocket connected
2025-02-22 03:57:13,325 - INFO -  * Restarting with stat
2025-02-22 03:57:16,886 - INFO - 3R7BUV52GH1MOHNO
2025-02-22 03:57:17,424 - INFO -       T      volume       vw      o      c        h       l              t         n
0  TCBP    170842.0   2.5333   2.50   2.50   2.6000   2.450  1740171600000     925.0
1  GEHC   2819407.0  91.0970  91.54  91.09  91.7400  90.430  1740171600000   38631.0
2     F  57069537.0   9.3186   9.38   9.28   9.4100   9.230  1740171600000  109424.0
3  MRNY   4449451.0   3.7141   3.65   3.79   3.8450   3.575  1740171600000    9684.0
4  MAGN    375033.0  21.3945  21.84  21.44  21.9999  21.080  1740171600000    7123.0
2025-02-22 03:57:28,111 - WARNING -  * Debugger is active!
2025-02-22 03:57:28,116 - INFO -  * Debugger PIN: 119-677-207
2025-02-22 03:57:28,221 - INFO - Websocket connected
2025-02-22 03:57:32,166 - INFO - 127.0.0.1 - - [2025-02-22 03:57:32] "GET /socket.io/?EIO=4&transport=polling&t=yvf0kkez HTTP/1.1" 200 328 0.000000
2025-02-22 03:57:32,167 - INFO - 127.0.0.1 - - [2025-02-22 03:57:32] "GET /socket.io/?EIO=4&transport=polling&t=yvf0qj3g HTTP/1.1" 200 328 0.000000
2025-02-22 03:57:32,170 - INFO - 127.0.0.1 - - [2025-02-22 03:57:32] "POST /socket.io/?EIO=4&transport=polling&t=yvf9la2p&sid=xk4XhZ-mCx3KerI5AAAA HTTP/1.1" 200 195 0.000000
2025-02-22 03:57:32,172 - INFO - 127.0.0.1 - - [2025-02-22 03:57:32] "GET /socket.io/?EIO=4&transport=polling&t=yvf9n32j&sid=xk4XhZ-mCx3KerI5AAAA HTTP/1.1" 200 241 0.000000
2025-02-22 03:57:32,174 - INFO - 127.0.0.1 - - [2025-02-22 03:57:32] "POST /socket.io/?EIO=4&transport=polling&t=yvf9pwxt&sid=_BCU0-01jte3xU2UAAAB HTTP/1.1" 200 195 0.000000
2025-02-22 03:57:32,176 - INFO - 127.0.0.1 - - [2025-02-22 03:57:32] "GET /socket.io/?EIO=4&transport=polling&t=yvf9rxla&sid=_BCU0-01jte3xU2UAAAB HTTP/1.1" 200 241 0.000000
2025-02-22 03:57:32,485 - INFO - 127.0.0.1 - - [2025-02-22 03:57:32] "GET /socket.io/?EIO=4&transport=polling&t=yvf9v39m&sid=xk4XhZ-mCx3KerI5AAAA HTTP/1.1" 200 209 0.304847
2025-02-22 03:57:32,502 - INFO - 127.0.0.1 - - [2025-02-22 03:57:32] "GET /socket.io/?EIO=4&transport=polling&t=yvf9xvh1&sid=_BCU0-01jte3xU2UAAAB HTTP/1.1" 200 209 0.318615
2025-02-22 03:57:41,006 - INFO -       T      volume       vw      o      c        h       l              t         n
0  TCBP    170842.0   2.5333   2.50   2.50   2.6000   2.450  1740171600000     925.0
1     F  57069537.0   9.3186   9.38   9.28   9.4100   9.230  1740171600000  109424.0
2  GEHC   2819407.0  91.0970  91.54  91.09  91.7400  90.430  1740171600000   38631.0
3  MRNY   4449451.0   3.7141   3.65   3.79   3.8450   3.575  1740171600000    9684.0
4  MAGN    375033.0  21.3945  21.84  21.44  21.9999  21.080  1740171600000    7123.0
2025-02-22 03:57:41,149 - INFO - 127.0.0.1 - - [2025-02-22 03:57:41] "GET /api/scan-stocks?min_price=1&max_price=2&min_rsi=30&max_rsi=70&volume_surge=1.2 HTTP/1.1" 500 400 0.639913
2025-02-22 04:13:09,518 - INFO - 3R7BUV52GH1MOHNO
2025-02-22 04:13:10,074 - INFO -       T      volume       vw      o      c        h       l              t         n
0  TCBP    170842.0   2.5333   2.50   2.50   2.6000   2.450  1740171600000     925.0
1  GEHC   2819407.0  91.0970  91.54  91.09  91.7400  90.430  1740171600000   38631.0
2     F  57069537.0   9.3186   9.38   9.28   9.4100   9.230  1740171600000  109424.0
3  MRNY   4449451.0   3.7141   3.65   3.79   3.8450   3.575  1740171600000    9684.0
4  MAGN    375033.0  21.3945  21.84  21.44  21.9999  21.080  1740171600000    7123.0
2025-02-22 04:13:17,947 - INFO -  * Restarting with stat
2025-02-22 04:13:17,991 - INFO - Websocket connected
2025-02-22 04:13:21,154 - INFO - 3R7BUV52GH1MOHNO
2025-02-22 04:13:21,691 - INFO -       T      volume       vw      o      c        h       l              t         n
0  TCBP    170842.0   2.5333   2.50   2.50   2.6000   2.450  1740171600000     925.0
1     F  57069537.0   9.3186   9.38   9.28   9.4100   9.230  1740171600000  109424.0
2  GEHC   2819407.0  91.0970  91.54  91.09  91.7400  90.430  1740171600000   38631.0
3  MRNY   4449451.0   3.7141   3.65   3.79   3.8450   3.575  1740171600000    9684.0
4  MAGN    375033.0  21.3945  21.84  21.44  21.9999  21.080  1740171600000    7123.0
2025-02-22 04:13:31,921 - WARNING -  * Debugger is active!
2025-02-22 04:13:31,927 - INFO -  * Debugger PIN: 119-677-207
2025-02-22 04:13:32,026 - INFO - Websocket connected
2025-02-22 04:13:33,196 - INFO - 127.0.0.1 - - [2025-02-22 04:13:33] "GET /socket.io/?EIO=4&transport=polling&t=zg0js9u6 HTTP/1.1" 200 328 0.000000
2025-02-22 04:13:33,197 - INFO - 127.0.0.1 - - [2025-02-22 04:13:33] "GET /socket.io/?EIO=4&transport=polling&t=zg0k49ue HTTP/1.1" 200 328 0.000000
2025-02-22 04:13:33,201 - INFO - 127.0.0.1 - - [2025-02-22 04:13:33] "POST /socket.io/?EIO=4&transport=polling&t=zg0svpo2&sid=iEXLsQ1mCjlypgpVAAAA HTTP/1.1" 200 195 0.001019
2025-02-22 04:13:33,202 - INFO - 127.0.0.1 - - [2025-02-22 04:13:33] "GET /socket.io/?EIO=4&transport=polling&t=zg0sxuqn&sid=iEXLsQ1mCjlypgpVAAAA HTTP/1.1" 200 241 0.000000
2025-02-22 04:13:33,206 - INFO - 127.0.0.1 - - [2025-02-22 04:13:33] "POST /socket.io/?EIO=4&transport=polling&t=zg0t088k&sid=dvuqLMvQt7QIw6tzAAAB HTTP/1.1" 200 195 0.000000
2025-02-22 04:13:33,208 - INFO - 127.0.0.1 - - [2025-02-22 04:13:33] "GET /socket.io/?EIO=4&transport=polling&t=zg0t3wdh&sid=dvuqLMvQt7QIw6tzAAAB HTTP/1.1" 200 241 0.000000
2025-02-22 04:13:33,513 - INFO - 127.0.0.1 - - [2025-02-22 04:13:33] "GET /socket.io/?EIO=4&transport=polling&t=zg0t9sx4&sid=iEXLsQ1mCjlypgpVAAAA HTTP/1.1" 200 209 0.299035
2025-02-22 04:13:33,530 - INFO - 127.0.0.1 - - [2025-02-22 04:13:33] "GET /socket.io/?EIO=4&transport=polling&t=zg0tezok&sid=dvuqLMvQt7QIw6tzAAAB HTTP/1.1" 200 209 0.310942
2025-02-22 04:13:39,061 - INFO -       T      volume       vw      o      c        h       l              t         n
0  TCBP    170842.0   2.5333   2.50   2.50   2.6000   2.450  1740171600000     925.0
1     F  57069537.0   9.3186   9.38   9.28   9.4100   9.230  1740171600000  109424.0
2  GEHC   2819407.0  91.0970  91.54  91.09  91.7400  90.430  1740171600000   38631.0
3  MRNY   4449451.0   3.7141   3.65   3.79   3.8450   3.575  1740171600000    9684.0
4  MAGN    375033.0  21.3945  21.84  21.44  21.9999  21.080  1740171600000    7123.0
2025-02-22 04:13:39,182 - INFO - 127.0.0.1 - - [2025-02-22 04:13:39] "GET /api/scan-stocks?min_price=1&max_price=2&min_rsi=30&max_rsi=70&volume_surge=1.2 HTTP/1.1" 500 400 0.839554
2025-02-22 04:27:06,018 - INFO - 3R7BUV52GH1MOHNO
2025-02-22 04:27:06,607 - INFO -       T      volume       vw      o      c        h       l              t         n
0  TCBP    170842.0   2.5333   2.50   2.50   2.6000   2.450  1740171600000     925.0
1  GEHC   2819407.0  91.0970  91.54  91.09  91.7400  90.430  1740171600000   38631.0
2     F  57069537.0   9.3186   9.38   9.28   9.4100   9.230  1740171600000  109424.0
3  MRNY   4449451.0   3.7141   3.65   3.79   3.8450   3.575  1740171600000    9684.0
4  MAGN    375033.0  21.3945  21.84  21.44  21.9999  21.080  1740171600000    7123.0
2025-02-22 04:27:14,703 - INFO -  * Restarting with stat
2025-02-22 04:27:14,783 - INFO - Websocket connected
2025-02-22 04:27:18,455 - INFO - 3R7BUV52GH1MOHNO
2025-02-22 04:27:18,963 - INFO -       T      volume       vw      o      c        h       l              t         n
0  TCBP    170842.0   2.5333   2.50   2.50   2.6000   2.450  1740171600000     925.0
1  GEHC   2819407.0  91.0970  91.54  91.09  91.7400  90.430  1740171600000   38631.0
2     F  57069537.0   9.3186   9.38   9.28   9.4100   9.230  1740171600000  109424.0
3  MRNY   4449451.0   3.7141   3.65   3.79   3.8450   3.575  1740171600000    9684.0
4  MAGN    375033.0  21.3945  21.84  21.44  21.9999  21.080  1740171600000    7123.0
2025-02-22 04:27:27,528 - WARNING -  * Debugger is active!
2025-02-22 04:27:27,532 - INFO -  * Debugger PIN: 119-677-207
2025-02-22 04:27:27,801 - INFO - Websocket connected
2025-02-22 04:27:27,882 - INFO - 127.0.0.1 - - [2025-02-22 04:27:27] "GET /socket.io/?EIO=4&transport=polling&t=zxv9qy9x HTTP/1.1" 200 328 0.000993
2025-02-22 04:27:27,883 - INFO - 127.0.0.1 - - [2025-02-22 04:27:27] "GET /socket.io/?EIO=4&transport=polling&t=zxv9rsk4 HTTP/1.1" 200 328 0.000000
2025-02-22 04:27:27,893 - INFO - 127.0.0.1 - - [2025-02-22 04:27:27] "POST /socket.io/?EIO=4&transport=polling&t=zxwumhmh&sid=mnWL9aYnXfq8gqR0AAAA HTTP/1.1" 200 195 0.000000
2025-02-22 04:27:27,902 - INFO - 127.0.0.1 - - [2025-02-22 04:27:27] "GET /socket.io/?EIO=4&transport=polling&t=zxwuy14m&sid=mnWL9aYnXfq8gqR0AAAA HTTP/1.1" 200 241 0.000000
2025-02-22 04:27:27,913 - INFO - 127.0.0.1 - - [2025-02-22 04:27:27] "POST /socket.io/?EIO=4&transport=polling&t=zxwv9u7y&sid=xL1u7ufyeFk5IB1cAAAB HTTP/1.1" 200 195 0.001107
2025-02-22 04:27:27,923 - INFO - 127.0.0.1 - - [2025-02-22 04:27:27] "GET /socket.io/?EIO=4&transport=polling&t=zxwvfcsc&sid=xL1u7ufyeFk5IB1cAAAB HTTP/1.1" 200 241 0.001255
2025-02-22 04:27:28,223 - INFO - 127.0.0.1 - - [2025-02-22 04:27:28] "GET /socket.io/?EIO=4&transport=polling&t=zxww6je2&sid=mnWL9aYnXfq8gqR0AAAA HTTP/1.1" 200 209 0.278888
2025-02-22 04:27:28,229 - INFO - 127.0.0.1 - - [2025-02-22 04:27:28] "GET /socket.io/?EIO=4&transport=polling&t=zxwwa0vz&sid=xL1u7ufyeFk5IB1cAAAB HTTP/1.1" 200 209 0.281879
2025-02-22 04:27:33,543 - INFO -       T      volume       vw      o      c        h       l              t         n
0  TCBP    170842.0   2.5333   2.50   2.50   2.6000   2.450  1740171600000     925.0
1  GEHC   2819407.0  91.0970  91.54  91.09  91.7400  90.430  1740171600000   38631.0
2     F  57069537.0   9.3186   9.38   9.28   9.4100   9.230  1740171600000  109424.0
3  MRNY   4449451.0   3.7141   3.65   3.79   3.8450   3.575  1740171600000    9684.0
4  MAGN    375033.0  21.3945  21.84  21.44  21.9999  21.080  1740171600000    7123.0
2025-02-22 04:27:33,668 - INFO - 127.0.0.1 - - [2025-02-22 04:27:33] "GET /api/scan-stocks?min_price=1&max_price=2&min_rsi=30&max_rsi=70&volume_surge=1.2 HTTP/1.1" 500 400 0.571978
2025-02-22 04:46:09,712 - INFO - 3R7BUV52GH1MOHNO
2025-02-22 04:46:10,270 - INFO -       T      volume       vw      o      c        h       l              t         n
0  TCBP    170842.0   2.5333   2.50   2.50   2.6000   2.450  1740171600000     925.0
1  GEHC   2819407.0  91.0970  91.54  91.09  91.7400  90.430  1740171600000   38631.0
2     F  57069537.0   9.3186   9.38   9.28   9.4100   9.230  1740171600000  109424.0
3  MRNY   4449451.0   3.7141   3.65   3.79   3.8450   3.575  1740171600000    9684.0
4  MAGN    375033.0  21.3945  21.84  21.44  21.9999  21.080  1740171600000    7123.0
2025-02-22 04:46:18,550 - INFO -  * Restarting with stat
2025-02-22 04:46:18,777 - INFO - Websocket connected
2025-02-22 04:46:21,892 - INFO - 3R7BUV52GH1MOHNO
2025-02-22 04:46:22,369 - INFO -       T      volume       vw      o      c        h       l              t         n
0  TCBP    170842.0   2.5333   2.50   2.50   2.6000   2.450  1740171600000     925.0
1  GEHC   2819407.0  91.0970  91.54  91.09  91.7400  90.430  1740171600000   38631.0
2     F  57069537.0   9.3186   9.38   9.28   9.4100   9.230  1740171600000  109424.0
3  MRNY   4449451.0   3.7141   3.65   3.79   3.8450   3.575  1740171600000    9684.0
4  MAGN    375033.0  21.3945  21.84  21.44  21.9999  21.080  1740171600000    7123.0
2025-02-22 04:46:30,551 - WARNING -  * Debugger is active!
2025-02-22 04:46:30,555 - INFO -  * Debugger PIN: 119-677-207
2025-02-22 04:46:30,666 - INFO - Websocket connected
2025-02-22 04:46:34,535 - INFO - 127.0.0.1 - - [2025-02-22 04:46:34] "GET /socket.io/?EIO=4&transport=polling&t=0mhd7erh HTTP/1.1" 200 328 0.001005
2025-02-22 04:46:34,537 - INFO - 127.0.0.1 - - [2025-02-22 04:46:34] "GET /socket.io/?EIO=4&transport=polling&t=0mhd8j60 HTTP/1.1" 200 328 0.001018
2025-02-22 04:46:34,544 - INFO - 127.0.0.1 - - [2025-02-22 04:46:34] "POST /socket.io/?EIO=4&transport=polling&t=0mhm2l1t&sid=g12qzTMBNV0ZtZW6AAAA HTTP/1.1" 200 195 0.002004
2025-02-22 04:46:34,548 - INFO - 127.0.0.1 - - [2025-02-22 04:46:34] "GET /socket.io/?EIO=4&transport=polling&t=0mhm4f9g&sid=g12qzTMBNV0ZtZW6AAAA HTTP/1.1" 200 241 0.001005
2025-02-22 04:46:34,552 - INFO - 127.0.0.1 - - [2025-02-22 04:46:34] "POST /socket.io/?EIO=4&transport=polling&t=0mhm6de7&sid=UZ-2MSxuxUNgSJseAAAB HTTP/1.1" 200 195 0.000987
2025-02-22 04:46:34,554 - INFO - 127.0.0.1 - - [2025-02-22 04:46:34] "GET /socket.io/?EIO=4&transport=polling&t=0mhm9og7&sid=UZ-2MSxuxUNgSJseAAAB HTTP/1.1" 200 241 0.001004
2025-02-22 04:46:34,858 - INFO - 127.0.0.1 - - [2025-02-22 04:46:34] "GET /socket.io/?EIO=4&transport=polling&t=0mhmk4il&sid=g12qzTMBNV0ZtZW6AAAA HTTP/1.1" 200 209 0.297676
2025-02-22 04:46:34,883 - INFO - 127.0.0.1 - - [2025-02-22 04:46:34] "GET /socket.io/?EIO=4&transport=polling&t=0mhmm97q&sid=UZ-2MSxuxUNgSJseAAAB HTTP/1.1" 200 209 0.321684
2025-02-22 04:46:36,579 - INFO -       T      volume       vw      o      c        h       l              t         n
0  TCBP    170842.0   2.5333   2.50   2.50   2.6000   2.450  1740171600000     925.0
1     F  57069537.0   9.3186   9.38   9.28   9.4100   9.230  1740171600000  109424.0
2  GEHC   2819407.0  91.0970  91.54  91.09  91.7400  90.430  1740171600000   38631.0
3  MRNY   4449451.0   3.7141   3.65   3.79   3.8450   3.575  1740171600000    9684.0
4  MAGN    375033.0  21.3945  21.84  21.44  21.9999  21.080  1740171600000    7123.0
2025-02-22 04:46:36,722 - INFO - 127.0.0.1 - - [2025-02-22 04:46:36] "GET /api/scan-stocks?min_price=1&max_price=2&min_rsi=30&max_rsi=70&volume_surge=1.2 HTTP/1.1" 500 400 0.704857
2025-02-22 04:55:57,167 - INFO - 3R7BUV52GH1MOHNO
2025-02-22 04:55:57,892 - INFO -       T      volume       vw      o      c        h       l              t         n
0  TCBP    170842.0   2.5333   2.50   2.50   2.6000   2.450  1740171600000     925.0
1  GEHC   2819407.0  91.0970  91.54  91.09  91.7400  90.430  1740171600000   38631.0
2     F  57069537.0   9.3186   9.38   9.28   9.4100   9.230  1740171600000  109424.0
3  MRNY   4449451.0   3.7141   3.65   3.79   3.8450   3.575  1740171600000    9684.0
4  MAGN    375033.0  21.3945  21.84  21.44  21.9999  21.080  1740171600000    7123.0
2025-02-22 04:56:05,677 - INFO -  * Restarting with stat
2025-02-22 04:56:05,771 - INFO - Websocket connected
2025-02-22 04:56:08,885 - INFO - 3R7BUV52GH1MOHNO
2025-02-22 04:56:09,438 - INFO -       T      volume       vw      o      c        h       l              t         n
0  TCBP    170842.0   2.5333   2.50   2.50   2.6000   2.450  1740171600000     925.0
1  GEHC   2819407.0  91.0970  91.54  91.09  91.7400  90.430  1740171600000   38631.0
2     F  57069537.0   9.3186   9.38   9.28   9.4100   9.230  1740171600000  109424.0
3  MRNY   4449451.0   3.7141   3.65   3.79   3.8450   3.575  1740171600000    9684.0
4  MAGN    375033.0  21.3945  21.84  21.44  21.9999  21.080  1740171600000    7123.0
2025-02-22 04:56:17,620 - WARNING -  * Debugger is active!
2025-02-22 04:56:17,624 - INFO -  * Debugger PIN: 119-677-207
2025-02-22 04:56:17,739 - INFO - Websocket connected
2025-02-22 04:56:17,986 - INFO - 127.0.0.1 - - [2025-02-22 04:56:17] "GET /socket.io/?EIO=4&transport=polling&t=0yy5cj51 HTTP/1.1" 200 328 0.001003
2025-02-22 04:56:17,987 - INFO - 127.0.0.1 - - [2025-02-22 04:56:17] "GET /socket.io/?EIO=4&transport=polling&t=0yy5dvxb HTTP/1.1" 200 328 0.000000
2025-02-22 04:56:17,990 - INFO - 127.0.0.1 - - [2025-02-22 04:56:17] "POST /socket.io/?EIO=4&transport=polling&t=0yzt06tw&sid=LeOOy5eLTlxUK91JAAAA HTTP/1.1" 200 195 0.000977
2025-02-22 04:56:17,991 - INFO - 127.0.0.1 - - [2025-02-22 04:56:17] "GET /socket.io/?EIO=4&transport=polling&t=0yzt27qx&sid=LeOOy5eLTlxUK91JAAAA HTTP/1.1" 200 241 0.000000
2025-02-22 04:56:17,995 - INFO - 127.0.0.1 - - [2025-02-22 04:56:17] "POST /socket.io/?EIO=4&transport=polling&t=0yzt5000&sid=pjkOig2lVqUewQH2AAAB HTTP/1.1" 200 195 0.000000
2025-02-22 04:56:17,996 - INFO - 127.0.0.1 - - [2025-02-22 04:56:17] "GET /socket.io/?EIO=4&transport=polling&t=0yzt6ox0&sid=pjkOig2lVqUewQH2AAAB HTTP/1.1" 200 241 0.000000
2025-02-22 04:56:18,317 - INFO - 127.0.0.1 - - [2025-02-22 04:56:18] "GET /socket.io/?EIO=4&transport=polling&t=0yzta7i2&sid=LeOOy5eLTlxUK91JAAAA HTTP/1.1" 200 209 0.317306
2025-02-22 04:56:18,328 - INFO - 127.0.0.1 - - [2025-02-22 04:56:18] "GET /socket.io/?EIO=4&transport=polling&t=0yztch9x&sid=pjkOig2lVqUewQH2AAAB HTTP/1.1" 200 209 0.134677
2025-02-22 04:56:31,275 - INFO -       T      volume       vw      o      c        h       l              t         n
0  TCBP    170842.0   2.5333   2.50   2.50   2.6000   2.450  1740171600000     925.0
1  GEHC   2819407.0  91.0970  91.54  91.09  91.7400  90.430  1740171600000   38631.0
2     F  57069537.0   9.3186   9.38   9.28   9.4100   9.230  1740171600000  109424.0
3  MRNY   4449451.0   3.7141   3.65   3.79   3.8450   3.575  1740171600000    9684.0
4  MAGN    375033.0  21.3945  21.84  21.44  21.9999  21.080  1740171600000    7123.0
2025-02-22 04:56:31,416 - INFO - 127.0.0.1 - - [2025-02-22 04:56:31] "GET /api/scan-stocks?min_price=1&max_price=2&min_rsi=30&max_rsi=70&volume_surge=1.2 HTTP/1.1" 500 400 0.659942
2025-02-22 04:58:10,871 - INFO - 127.0.0.1 - - [2025-02-22 04:58:10] "POST /api/train-xgboost HTTP/1.1" 500 251 0.000999
2025-02-22 04:58:29,582 - INFO -       T      volume       vw      o      c        h       l              t         n
0  TCBP    170842.0   2.5333   2.50   2.50   2.6000   2.450  1740171600000     925.0
1  GEHC   2819407.0  91.0970  91.54  91.09  91.7400  90.430  1740171600000   38631.0
2     F  57069537.0   9.3186   9.38   9.28   9.4100   9.230  1740171600000  109424.0
3  MRNY   4449451.0   3.7141   3.65   3.79   3.8450   3.575  1740171600000    9684.0
4  MAGN    375033.0  21.3945  21.84  21.44  21.9999  21.080  1740171600000    7123.0
2025-02-22 04:58:37,700 - INFO - 127.0.0.1 - - [2025-02-22 04:58:37] "POST /api/train-xgb HTTP/1.1" 200 523 8.808321
2025-02-22 04:59:53,776 - INFO -       T      volume       vw      o      c        h       l              t         n
0  TCBP    170842.0   2.5333   2.50   2.50   2.6000   2.450  1740171600000     925.0
1  GEHC   2819407.0  91.0970  91.54  91.09  91.7400  90.430  1740171600000   38631.0
2     F  57069537.0   9.3186   9.38   9.28   9.4100   9.230  1740171600000  109424.0
3  MRNY   4449451.0   3.7141   3.65   3.79   3.8450   3.575  1740171600000    9684.0
4  MAGN    375033.0  21.3945  21.84  21.44  21.9999  21.080  1740171600000    7123.0
2025-02-22 04:59:53,900 - INFO - 127.0.0.1 - - [2025-02-22 04:59:53] "GET /api/scan-stocks?min_price=1&max_price=2&min_rsi=30&max_rsi=70&volume_surge=1.2 HTTP/1.1" 500 541 0.664879
2025-02-22 05:14:38,795 - INFO - 3R7BUV52GH1MOHNO
2025-02-22 05:14:39,542 - INFO -       T      volume       vw      o      c        h       l              t         n
0  TCBP    170842.0   2.5333   2.50   2.50   2.6000   2.450  1740171600000     925.0
1  GEHC   2819407.0  91.0970  91.54  91.09  91.7400  90.430  1740171600000   38631.0
2     F  57069537.0   9.3186   9.38   9.28   9.4100   9.230  1740171600000  109424.0
3  MRNY   4449451.0   3.7141   3.65   3.79   3.8450   3.575  1740171600000    9684.0
4  MAGN    375033.0  21.3945  21.84  21.44  21.9999  21.080  1740171600000    7123.0
2025-02-22 05:14:47,522 - INFO -  * Restarting with stat
2025-02-22 05:14:47,632 - INFO - Websocket connected
2025-02-22 05:14:50,662 - INFO - 3R7BUV52GH1MOHNO
2025-02-22 05:14:51,472 - INFO -       T      volume       vw      o      c        h       l              t         n
0  TCBP    170842.0   2.5333   2.50   2.50   2.6000   2.450  1740171600000     925.0
1     F  57069537.0   9.3186   9.38   9.28   9.4100   9.230  1740171600000  109424.0
2  GEHC   2819407.0  91.0970  91.54  91.09  91.7400  90.430  1740171600000   38631.0
3  MRNY   4449451.0   3.7141   3.65   3.79   3.8450   3.575  1740171600000    9684.0
4  MAGN    375033.0  21.3945  21.84  21.44  21.9999  21.080  1740171600000    7123.0
2025-02-22 05:14:58,405 - WARNING -  * Debugger is active!
2025-02-22 05:14:58,411 - INFO -  * Debugger PIN: 119-677-207
2025-02-22 05:14:58,521 - INFO - Websocket connected
2025-02-22 05:14:59,158 - INFO - 127.0.0.1 - - [2025-02-22 05:14:59] "GET /socket.io/?EIO=4&transport=polling&t=1n0nxthu HTTP/1.1" 200 328 0.000000
2025-02-22 05:14:59,160 - INFO - 127.0.0.1 - - [2025-02-22 05:14:59] "GET /socket.io/?EIO=4&transport=polling&t=1n0o071m HTTP/1.1" 200 328 0.000000
2025-02-22 05:14:59,165 - INFO - 127.0.0.1 - - [2025-02-22 05:14:59] "POST /socket.io/?EIO=4&transport=polling&t=1n0wq837&sid=adRdrXQtCVEpTVaaAAAA HTTP/1.1" 200 195 0.000901
2025-02-22 05:14:59,169 - INFO - 127.0.0.1 - - [2025-02-22 05:14:59] "GET /socket.io/?EIO=4&transport=polling&t=1n0ws46f&sid=adRdrXQtCVEpTVaaAAAA HTTP/1.1" 200 241 0.000000
2025-02-22 05:14:59,177 - INFO - 127.0.0.1 - - [2025-02-22 05:14:59] "POST /socket.io/?EIO=4&transport=polling&t=1n0x0ban&sid=RNg1e7rdIGXalikKAAAB HTTP/1.1" 200 195 0.000993
2025-02-22 05:14:59,179 - INFO - 127.0.0.1 - - [2025-02-22 05:14:59] "GET /socket.io/?EIO=4&transport=polling&t=1n0x3mls&sid=RNg1e7rdIGXalikKAAAB HTTP/1.1" 200 241 0.000000
2025-02-22 05:14:59,503 - INFO - 127.0.0.1 - - [2025-02-22 05:14:59] "GET /socket.io/?EIO=4&transport=polling&t=1n0x9mov&sid=adRdrXQtCVEpTVaaAAAA HTTP/1.1" 200 209 0.319592
2025-02-22 05:14:59,517 - INFO - 127.0.0.1 - - [2025-02-22 05:14:59] "GET /socket.io/?EIO=4&transport=polling&t=1n0xcf56&sid=RNg1e7rdIGXalikKAAAB HTTP/1.1" 200 209 0.329601
2025-02-22 05:20:31,505 - INFO -  * Detected change in 'C:\\Users\\gabby\\trax-x\\backend\\app.py', reloading
2025-02-22 05:20:32,130 - INFO -  * Restarting with stat
